100
98.2192156232192
97.1213623136996
98.1708222543678
98.7805626488627
98.8568235408514
98.3363577427282
99.2207656728061
98.4810600931397
98.4182176008749
97.9201998011269
98.6714261139833
98.9524841119681
99.3627896118027
98.8586075470594
98.7543399366582
98.9488843761205
99.0202242146587
99.0744362577665
98.5369415349614
100.391932727504
100.351835447968
100.508579562796
98.9803146297344
98.1557031878384
96.0176920434751
96.1142838425207
99.0050861526431
98.7182724285184
100.920087918806
100.736421915247
101.274970767666
101.804119324025
100.795764799863
98.5397083624136
97.5939042036243
100.07666550515
98.4247691601795
99.1572375692524
100.507131386586
98.8355492138513
98.4080849434593
99.7440989135372
97.9006494420265
99.2330755084414
99.0299883561205
97.363948287026
97.4337712447095
97.6198541375987
98.9751374567501
100.065415974753
99.3744084299631
100.303263306584
99.6961604712745
98.7724617162362
98.2888718353687
96.9491839158703
97.0890477883105
98.8792989941749
97.1075617888361
96.6430863319835
97.3141569680589
97.9214298857981
100.336005337904
100.090169261441
98.7890530030562
99.0063203746094
100.80062095286
101.532890752086
103.276145045501
102.676415546885
103.552675874791
104.852605076053
105.577701446166
104.438116004886
106.032762094808
107.063924347213
106.246790326384
107.753305218184
108.654001375104
108.168671456811
108.945384611802
110.042584222227
109.641201631676
110.146408641092
111.598057362269
112.270415502889
111.092520493037
111.994143637742
112.787472809788
113.859595570522
113.010922485292
113.124148932852
113.515906524467
114.551981670397
115.785559062797
115.162454575272
114.384285261676
113.470715469671
112.128882436149
110.853086043167
111.536528162125
110.702928136344
106.587856493085
104.242444548556
103.985031532911
105.89208705502
108.797940767362
110.044404966791
110.457457844883
110.037971063015
111.420208442649
112.626389432108
113.447551801561
112.481712423962
112.225474301761
112.961931825414
110.481419719189
109.774783971293
110.444028440154
111.213583937064
111.148304257733
111.223899342042
112.370392330848
113.973267491483
113.94329246356
115.6869389347
116.583836184731
116.62140795468
115.252749416421
113.713388155137
115.488248155978
115.662135172663
116.789748642703
115.502450978462
114.133436106286
115.989203715435
115.800447846962
117.10185699233
118.360894466315
119.637076229818
116.618304532248
117.40842385584
117.609591826394
119.117240025124
117.359891011437
117.089329493346
120.064866958016
121.255728782288
121.2125225074
122.763897875961
122.853421308524
122.275834811976
121.393612053211
122.244106277496
122.213015862187
123.110148519473
122.569378962388
121.861231332397
122.024460630929
121.380627398569
121.716623410673
120.10359499518
120.382724683948
119.823947925362
119.777027109567
119.184571340214
117.97095909765
119.895165823926
117.175138540132
116.923479062806
116.28262436267
116.8175720759
117.41935563054
116.670612438917
119.881857947408
116.657694224629
119.935419043613
121.612380192394
120.58839182341
122.130519445937
120.137017854317
119.123155873447
117.13201174874
115.93738843525
115.84146426435
117.201641923838
119.084620043587
119.946202903816
121.129770272116
122.453636004641
122.239677133611
121.245789388633
123.146549602905
120.102468776576
116.560440648804
119.669360353318
123.790290295136
124.261127949471
125.917064896155
125.906696133837
129.343471875235
130.578708682864
133.002784539965
132.399499194439
132.856327656206
134.528181032377
133.054204379625
134.659054644193
135.752017369485
136.799006474943
140.965596088408
139.38311653919
139.529248938169
139.623184514963
137.399129320267
135.082064781528
134.564049542308
134.10646856672
132.418553011249
132.56622810523
131.385396020677
132.253512769875
133.693356790736
130.255016974702
130.7472696473
130.615184107086
130.918160608745
133.088364685445
132.132835042789
134.487823305643
138.349376602828
140.103567168715
139.732017178798
140.801501084821
143.205638859474
144.666505442106
143.990031524067
146.025643939338
147.648485932688
147.145973414614
144.715587160816
144.622039007857
144.055726244188
144.191087470549
145.024689054209
145.733129985236
145.546310817034
144.502332439189
141.836058558398
144.161852274399
146.728206663036
150.299857909878
149.927001086045
149.595658401676
151.574479738585
